0.016136884689331055
0.015610456466674805
0.01620173454284668
0.015488624572753906
0.01531219482421875
0.015697002410888672
0.014787435531616211
0.01614689826965332
0.015684843063354492
0.01592278480529785
0.015559911727905273
0.016075849533081055
0.01635909080505371
0.015460968017578125
0.01575922966003418
0.01605534553527832
0.016448020935058594
0.016044139862060547
0.016074180603027344
0.015904664993286133
0.01646280288696289
0.014937400817871094
0.016249418258666992
0.016068220138549805
0.015455484390258789
0.016442537307739258
0.01658034324645996
0.016003847122192383
0.016553163528442383
0.01584315299987793
0.015762805938720703
0.015062332153320312
0.0159609317779541
0.015752792358398438
0.016855478286743164
0.015323877334594727
0.0157926082611084
0.016114473342895508
0.015216350555419922
0.015672683715820312
0.015718936920166016
0.016518831253051758
0.015374422073364258
0.016294002532958984
0.01519632339477539
0.01612567901611328
0.01591014862060547
0.016674280166625977
0.016603708267211914
0.015846729278564453
0.015823841094970703
0.016039371490478516
0.017308473587036133
0.015325069427490234
0.015367507934570312
