0.04729866981506348
0.0157015323638916
0.01611018180847168
0.015512228012084961
0.015520811080932617
0.015611648559570312
23.103827714920044
32.21479296684265
23.18314480781555
31.878170013427734
22.14650821685791
31.95201301574707
32.854036808013916
22.613354444503784
32.249287605285645
32.69305419921875
32.13036131858826
31.97745680809021
32.12790060043335
0.021477699279785156
0.01418757438659668
0.01904582977294922
0.0273435115814209
0.01935863494873047
0.019201993942260742
0.019145965576171875
0.014544010162353516
0.019858598709106445
0.02321481704711914
0.019847393035888672
0.018660783767700195
0.018628358840942383
