12.811
10.301
10.318
10.353
10.385
10.356
10.366
10.383
10.399
10.401
12.567
10.25
10.267
10.274
10.28
10.289
10.307
10.314
10.318
10.324
14.134
12.953
14.054
10.633
10.523
10.529
10.593
10.526
10.595
12.967
10.395
8.054
8.058
8.054
8.093
8.141
8.212
8.066
8.077
8.144
14.847
12.921
12.849
12.956
12.962
12.933
12.887
12.982
12.919
12.939
19.296
16.303
31.547
10.643
8.072
15.116
12.722
23.423
21.698
19.377
16.375
32.028
29.214
59.882
56.01
31.267
28.993
0.89
0.892
0.891
0.898
0.89
0.895
0.892
0.889
0.891
0.896
0.886
0.889
0.896
0.889
0.892
0.891
0.892
0.892
1.165
0.893
0.888
0.896
0.895
0.902
0.896
0.894
0.886
0.889
0.894
0.89
0.89
0.89
0.892
0.888
1.074
0.89
0.894
0.894
0.887
0.888
0.896
0.892
0.887
0.89
0.887
0.889
0.884
0.886
1.078
0.884
0.888
0.888
0.888
0.888
0.888
0.893
0.891
0.891
0.888
0.89
0.887
0.887
0.891
0.889
0.884
0.888
0.893
0.886
0.888
0.89
0.888
0.886
0.891
0.891
0.89
0.889
0.883
0.891
0.89
0.891
0.887
0.887
0.888
0.892
0.887
0.888
0.887
0.889
0.887
0.886
0.883
0.892
0.89
0.891
0.886
0.888
0.89
0.888
0.887
0.885
0.893
0.898
0.894
0.91
0.889
0.892
0.892
0.893
0.89
0.889
0.886
0.896
0.891
0.889
0.89
0.894
0.893
0.892
0.902
0.89
0.894
0.889
0.893
0.894
0.895
0.891
1.009
0.897
0.891
0.894
0.892
0.902
0.898
0.888
0.89
0.903
0.89
0.89
1.33
0.899
0.892
1.226
0.893
0.894
0.96
0.896
0.889
0.892
0.893
0.89
0.891
0.89
0.893
0.895
0.891
0.888
0.891
1.173
0.898
0.894
0.895
0.894
0.892
0.895
0.897
0.895
0.893
0.894
0.889
0.888
0.892
1.168
0.89
0.891
0.893
0.889
0.896
0.891
0.892
0.889
0.893
0.893
0.891
0.895
0.894
0.892
0.885
0.886
0.89
0.89
0.892
0.889
0.892
0.891
0.887
0.884
0.887
0.892
0.891
0.886
0.889
0.888
0.894
0.89
0.892
0.89
0.889
0.895
0.889
0.891
0.89
0.888
0.889
0.891
0.891
0.891
0.891
0.892
0.889
0.893
0.89
0.89
0.893
0.924
0.92
0.911
0.912
0.91
0.911
0.911
0.915
0.92
0.91
0.912
0.909
0.917
0.915
0.908
0.913
0.907
0.92
1.193
0.906
0.906
0.911
0.908
0.907
0.905
0.908
0.907
0.907
0.907
0.911
0.91
0.912
1.011
0.91
1.22
0.91
0.912
0.914
0.917
0.913
0.907
0.908
0.909
0.909
0.909
0.911
0.912
0.916
1.154
0.912
0.911
0.914
0.915
0.91
0.91
0.913
0.91
0.916
0.911
0.908
0.907
0.915
0.913
1.054
0.907
0.917
0.909
0.911
0.908
0.914
0.909
0.909
0.908
0.913
0.91
0.907
0.911
0.908
0.906
0.914
0.912
0.91
0.91
0.909
0.912
0.909
0.913
0.91
0.909
0.916
0.912
0.909
0.914
0.914
0.911
0.91
0.909
0.907
0.914
0.912
0.913
0.915
0.902
0.906
0.905
0.908
0.907
0.909
0.905
0.905
0.907
0.912
0.913
0.908
0.909
0.908
0.91
0.904
0.908
0.907
0.908
0.908
0.908
0.905
0.911
0.908
0.909
0.91
0.905
1.134
0.906
0.909
0.907
0.907
0.906
0.906
0.907
0.908
0.907
0.906
0.908
0.906
0.905
0.904
0.905
1.058
0.903
0.91
0.907
0.904
0.909
0.907
0.904
0.904
0.904
0.908
0.907
0.907
