25.015
25.017
22.641
22.533
22.346
22.405
22.492
22.413
22.396
25.049
25.08
25.123
25.259
25.296
32.441
37.142
33.276
31.887
26.552
26.878
26.658
21.503
21.348
21.321
21.426
21.313
21.528
21.496
21.474
21.697
21.737
0.161
25.501
25.288
25.051
25.204
25.876
25.595
25.68
25.694
25.642
25.518
33.397
31.218
31.291
31.4
31.663
32.087
33.188
33.092
32.394
20.019
19.929
19.589
19.806
20.109
33.889
34.564
33.907
34.391
34.894
27.424
27.57
28.218
28.196
62.925
62.779
41.595
42.479
41.907
42.063
41.787
38.497
55.489
42.095
41.993
42.211
41.245
41.575
39.789
50.38
51.075
52.433
51.44
51.6
36.568
36.435
36.515
37.078
37.042
37.684
38.813
38.702
51.809
49.665
86.742
86.846
49.607
31.524
29.582
29.812
28.405
28.359
28.324
30.994
29.676
29.728
29.967
29.979
23.581
41.242
34.954
41.717
40.382
